"Category","Colour Family","Design ID","Element ID","Exact Colour","Name","Price"
"Bricks, Special","",6567,4638991,"4.MULT","2F, WINDSCREEN 2X6X2 21/111",
"Bricks, Special Circles And Angles","",11302,6105637,"4.MULT","FLAME 3X10X1 W/ CROSS HOLE",
"Bricks, Special","",11439,6022644,"4.MULT","ICE SWORD WITH Ø3.2 SHAFT",
"Bricks, Special","",11439,6022644,"4.MULT","ICE SWORD WITH Ø3.2 SHAFT",
"Bricks, Special Circles And Angles","",14770,6044690,"4.MULT","FLEX HOSE 19M W/3. 18 STICK CO -INJ.","£0.76"
"Bricks, Special Circles And Angles","",14770,6044690,"4.MULT","FLEX HOSE 19M W/3. 18 STICK CO -INJ.","£0.76"
"Bricks, Special","",18394,6142806,"4.MULT","WING FIRE W/SHAFT Ø3.2 MM/4 MM","£0.95"
"Bricks, Special","",18394,6142806,"4.MULT","WING FIRE W/SHAFT Ø3.2 MM/4 MM","£0.95"
"Bricks, Special","",18394,6142806,"4.MULT","WING FIRE W/SHAFT Ø3.2 MM/4 MM","£0.95"
"Bricks, Special","",18394,6142806,"4.MULT","WING FIRE W/SHAFT Ø3.2 MM/4 MM","£0.95"
"Bricks, Special Circles And Angles","",18396,6185016,"4.MULT","FLAME TRIBAL 3.5X12 W/CROSS AXLE","£0.90"
"Bricks, Special Circles And Angles","",19149,6102775,"4.MULT","MASK 8, 2015 37/311",
"Bricks, Special","",19857,6113991,"4.MULT","MINI HAT NO. 1","£0.65"
"Bricks, Special","",19857,6113991,"4.MULT","MINI HAT NO. 1","£0.65"
"Bricks, Special","",19857,6113991,"4.MULT","MINI HAT NO. 1","£0.65"
"Bricks, Special","",19857,6113991,"4.MULT","MINI HAT NO. 1","£0.65"
"Bricks, Special","",19857,6113991,"4.MULT","MINI HAT NO. 1","£0.65"
"Bricks, Special","",19857,6113991,"4.MULT","MINI HAT NO. 1","£0.65"
"Bricks, Special","",19858,6143001,"4.MULT","SWORD NO. 9","£0.56"
"Bricks, Special","",19858,6143001,"4.MULT","SWORD NO. 9","£0.56"
"Bricks, Special","",19859,6192397,"4.MULT","MINI GHOST LOWER PART","£1.40"
"Bricks, Special","",19859,6192397,"4.MULT","MINI GHOST LOWER PART","£1.40"
"Bricks, Special","",23989,6173102,"4.MULT","WING W/ 4.85 HOLE, NO. 2","£1.63"
"Bricks, Special Circles And Angles","",24148,6158055,"4.MULT","MASK 1, 2016",
"Bricks, Special Circles And Angles","",24162,6135050,"4.MULT","MASK 7 W/ BALLSNAP/ Ø 3.2 SHAFT",
"Bricks, Special Circles And Angles","",24166,6135119,"4.MULT","SHELL W/ DOUBLE Ø 3.2 SHAFT NO. 10",
"Bricks, Special","",24484,6184681,"4.MULT","HELMET, NO. 94","£1.06"
"Bricks, Special","",24484,6184681,"4.MULT","HELMET, NO. 94","£1.06"
"Bricks, Special","",28587,6170925,"4.MULT","WEAPON, NO.13","£1.09"
"Bricks, Special","",28587,6170925,"4.MULT","WEAPON, NO.13","£1.09"
"Bricks, Special","",30527,4667591,"4.MULT","FLEX TUBE 12 M",
"Bricks, Special","",30527,4667591,"4.MULT","FLEX TUBE 12 M",
"Bricks, Special Circles And Angles","",44141,4194699,"4.MULT","BION. 1.7.2003, WORM",
"Bricks, Special","",47847,4508430,"4.MULT","WALL ELEMENT 2X4X6, 199/47/199",
"Bricks, Special","",51874,6035592,"4.MULT","TAIL END W. SHAFT Ø3.2",
"Bricks, Special Circles And Angles","",52232,4257243,"4.MULT","Rotor w/ring ø39, 3-leaved",
"Bricks, Special","",57004,4298555,"4.MULT","Wing w. holes Ø 4,84 296/191",
"Bricks, Special Circles And Angles","",57028,4504414,"4.MULT","ARROW 8M W/SOFT UPPER P.",
"Bricks, Special Circles And Angles","",57028,4504414,"4.MULT","ARROW 8M W/SOFT UPPER P.",
"Bricks, Special Circles And Angles","",59490,4541820,"4.MULT","SHELL 3 (7X8X5) 2007",
"Bricks, Special","",60797,4541987,"4.MULT","DOOR GLAS T/FRAME 1X4X6 21/42",
"Bricks, Special","",60797,4541987,"4.MULT","DOOR GLAS T/FRAME 1X4X6 21/42",
"Bricks, Special","",61406,4542272,"4.MULT","SPIKE 2 x 8",
"Bricks, Special","",61406,4542272,"4.MULT","SPIKE 2 x 8",
"Bricks, Special","",61406,4542272,"4.MULT","SPIKE 2 x 8",
"Bricks, Special","",61406,4542272,"4.MULT","SPIKE 2 x 8",
"Bricks, Special Circles And Angles","",63147,4614561,"4.MULT","FLEX H.19M W/3.18 STICK co-inj",
"Bricks, Special Circles And Angles","",63147,4614561,"4.MULT","FLEX H.19M W/3.18 STICK co-inj",
"Bricks, Special","",64230,4558851,"4.MULT","SPIRAL TUBE W. TUBE STUD","£0.80"
"Bricks, Special","",64230,4558851,"4.MULT","SPIRAL TUBE W. TUBE STUD","£0.80"
"Bricks, Special","",64230,4558851,"4.MULT","SPIRAL TUBE W. TUBE STUD","£0.80"
"Bricks, Special","",64230,4558851,"4.MULT","SPIRAL TUBE W. TUBE STUD","£0.80"
"Bricks, Special","",64230,4558851,"4.MULT","SPIRAL TUBE W. TUBE STUD","£0.80"
"Bricks, Special","",64230,4558851,"4.MULT","SPIRAL TUBE W. TUBE STUD","£0.80"
"Bricks, Special","",64230,4558851,"4.MULT","SPIRAL TUBE W. TUBE STUD","£0.80"
"Bricks, Special","",64230,4558851,"4.MULT","SPIRAL TUBE W. TUBE STUD","£0.80"
"Bricks, Special","",64230,4558851,"4.MULT","SPIRAL TUBE W. TUBE STUD","£0.80"
"Bricks, Special","",64230,4558851,"4.MULT","SPIRAL TUBE W. TUBE STUD","£0.80"
"Bricks, Special","",64230,4558851,"4.MULT","SPIRAL TUBE W. TUBE STUD","£0.80"
"Bricks, Special","",64230,4558851,"4.MULT","SPIRAL TUBE W. TUBE STUD","£0.80"
"Bricks, Special","",64230,4558851,"4.MULT","SPIRAL TUBE W. TUBE STUD","£0.80"
"Bricks, Special","",64230,4558851,"4.MULT","SPIRAL TUBE W. TUBE STUD","£0.80"
"Bricks, Special","",64230,4558851,"4.MULT","SPIRAL TUBE W. TUBE STUD","£0.80"
"Bricks, Special","",64230,4558851,"4.MULT","SPIRAL TUBE W. TUBE STUD","£0.80"
"Bricks, Special","",64230,4558851,"4.MULT","SPIRAL TUBE W. TUBE STUD","£0.80"
"Bricks, Special","",64230,4558851,"4.MULT","SPIRAL TUBE W. TUBE STUD","£0.80"
"Bricks, Special","",64230,4558851,"4.MULT","SPIRAL TUBE W. TUBE STUD","£0.80"
"Bricks, Special","",64230,4558851,"4.MULT","SPIRAL TUBE W. TUBE STUD","£0.80"
"Bricks, Special","",64230,4558851,"4.MULT","SPIRAL TUBE W. TUBE STUD","£0.80"
"Bricks, Special","",64230,4558851,"4.MULT","SPIRAL TUBE W. TUBE STUD","£0.80"
"Bricks, Special","",64230,4558851,"4.MULT","SPIRAL TUBE W. TUBE STUD","£0.80"
"Bricks, Special","",64230,4558851,"4.MULT","SPIRAL TUBE W. TUBE STUD","£0.80"
"Bricks, Special","",64230,4558851,"4.MULT","SPIRAL TUBE W. TUBE STUD","£0.80"
"Bricks, Special","",64230,4558851,"4.MULT","SPIRAL TUBE W. TUBE STUD","£0.80"
"Bricks, Special","",94448,6012878,"4.MULT","FLAME 7M SHAFT Ø3,2 311/329",
"Bricks","",98220,6020524,"4.MULT","HEMISPHERE 4X4 W. 4 KNOBS","£1.37"
"Bricks","",98220,6020524,"4.MULT","HEMISPHERE 4X4 W. 4 KNOBS","£1.37"
"Bricks","",98220,6020524,"4.MULT","HEMISPHERE 4X4 W. 4 KNOBS","£1.37"
"Bricks","",98220,6020524,"4.MULT","HEMISPHERE 4X4 W. 4 KNOBS","£1.37"
"Bricks, Special Circles And Angles","",98568,4659337,"4.MULT","SWORD-SIMULTAN-SIZE",